Count: 1 - Delay: 0.49359798431396484 - Timestamp 2025-03-08 01:01:10
Count: 2 - Delay: 0.4978821277618408 - Timestamp 2025-03-08 16:57:48
